1	VANCOUVER	82	51	22	9	111	43	24	19	.677	2.94	2.33	1.19	19.8	86.0	31.5	30.8	.750	.346	.806	.914	.591	.639	52.2
2	NY RANGERS	82	51	24	7	109	47	25	22	.665	2.71	2.22	1.14	15.7	86.2	28.5	27.8	.814	.410	.778	.909	.682	.556	50.0
3	ST LOUIS	82	49	22	11	109	45	29	16	.665	2.51	1.89	1.34	16.7	85.8	30.6	26.7	.756	.405	.750	.895	.600	.615	50.4
4	PITTSBURGH	82	51	25	6	108	42	24	18	.659	3.33	2.66	1.17	19.7	87.8	33.9	27.4	.745	.457	.706	.914	.586	.708	50.4
5	NASHVILLE	82	48	26	8	104	43	23	20	.634	2.83	2.50	1.05	21.6	83.6	27.6	30.8	.833	.325	.815	.857	.625	.593	49.0
6	PHILADELPHIA	82	47	26	9	103	43	21	22	.628	3.17	2.74	1.13	19.7	81.8	32.2	28.4	.750	.435	.867	.892	.564	.593	48.3
7	BOSTON	82	49	29	4	102	40	20	20	.622	3.17	2.43	1.32	17.2	83.5	32.4	29.8	.861	.391	.920	1.000	.520	.719	54.5
8	NEW JERSEY	82	48	28	6	102	36	16	20	.622	2.63	2.50	0.93	17.2	89.6	27.5	26.8	.727	.421	.769	.853	.571	.545	47.1
9	DETROIT	82	48	28	6	102	39	27	12	.622	2.92	2.44	1.44	16.1	81.8	32.2	27.0	.727	.421	.839	.931	.577	.615	51.6
10	CHICAGO	82	45	26	11	101	38	23	15	.616	2.94	2.82	1.01	15.2	78.1	31.5	28.6	.722	.413	.815	.886	.538	.600	50.6
11	PHOENIX	82	42	27	13	97	36	20	16	.591	2.56	2.37	1.11	13.6	85.5	29.6	31.6	.767	.231	.846	.971	.452	.556	50.2
12	SAN JOSE	82	43	29	10	96	34	20	14	.585	2.67	2.50	1.10	21.1	76.9	33.8	28.6	.757	.333	.789	.853	.508	.591	53.3
13	LOS ANGELES	82	40	27	15	95	34	19	15	.579	2.29	2.07	0.98	17.0	87.0	30.6	27.4	.711	.216	.800	.824	.490	.500	51.5
14	FLORIDA	82	38	26	18	94	32	18	14	.573	2.40	2.63	0.88	18.5	79.5	29.7	30.5	.641	.302	.667	.727	.447	.465	50.6
15	WASHINGTON	82	42	32	8	92	38	24	14	.561	2.66	2.76	1.01	16.7	81.6	28.0	30.2	.690	.325	.821	.962	.500	.510	50.0
16	OTTAWA	82	41	31	10	92	35	19	16	.561	2.96	2.88	1.05	18.2	81.6	31.4	32.0	.625	.381	.696	.852	.472	.533	50.1
17	CALGARY	82	37	29	16	90	34	22	12	.549	2.43	2.65	0.89	17.7	84.3	27.5	30.8	.610	.293	.692	.844	.478	.418	46.2
18	DALLAS	82	42	35	5	89	35	18	17	.543	2.49	2.66	0.98	13.5	82.8	28.2	30.8	.732	.293	.800	.929	.529	.500	49.1
19	BUFFALO	82	39	32	11	89	32	19	13	.543	2.57	2.72	1.03	17.0	81.7	29.2	31.4	.595	.350	.690	.893	.548	.449	49.5
20	COLORADO	82	41	35	6	88	32	18	14	.537	2.43	2.66	0.93	18.4	83.0	31.5	29.6	.676	.375	.808	.821	.422	.595	51.6
21	TAMPA BAY	82	38	36	8	84	35	24	11	.512	2.83	3.39	0.93	15.2	79.2	27.2	30.5	.628	.282	.696	.889	.444	.455	48.6
22	WINNIPEG	82	37	35	10	84	33	23	10	.512	2.70	2.95	0.99	17.9	80.1	30.1	30.1	.641	.279	.818	.813	.459	.442	49.0
23	CAROLINA	82	33	33	16	82	32	19	13	.500	2.58	2.89	0.84	16.7	80.6	30.5	32.4	.561	.244	.533	.690	.500	.348	50.7
24	MINNESOTA	82	35	36	11	81	24	14	10	.494	2.02	2.65	0.76	15.1	82.1	26.5	31.4	.500	.385	.619	.769	.375	.471	51.2
25	TORONTO	82	35	37	10	80	31	17	14	.488	2.77	3.16	0.86	18.4	77.3	28.3	30.8	.575	.286	.808	.889	.313	.511	51.6
26	ANAHEIM	82	34	36	12	80	31	19	12	.488	2.45	2.73	0.90	16.6	82.0	27.9	28.9	.579	.273	.696	.806	.381	.462	47.4
27	NY ISLANDERS	82	34	37	11	79	27	16	11	.482	2.39	3.06	0.74	18.5	80.5	29.4	30.1	.575	.262	.640	.679	.415	.405	48.0
28	MONTREAL	82	31	35	16	78	26	13	13	.476	2.52	2.61	0.95	14.3	88.6	28.5	29.7	.488	.268	.556	.727	.344	.362	48.3
29	EDMONTON	82	32	40	10	74	27	15	12	.451	2.52	2.83	0.91	20.6	82.4	26.7	30.7	.575	.214	.571	.828	.400	.373	47.7
30	COLUMBUS	82	29	46	7	65	25	16	9	.396	2.42	3.13	0.80	15.5	76.6	29.9	30.9	.575	.143	.818	.742	.265	.422	50.9