1	CHICAGO	48	36	7	5	77	30	15	15	.802	3.10	2.02	1.52	16.7	87.2	31.1	26.2	.897	.526	.895	.897	.788	.643	50.8
2	PITTSBURGH	48	36	12	0	72	33	17	16	.750	3.38	2.48	1.35	24.7	79.6	30.0	29.2	.806	.647	.840	.950	.808	.700	51.5
3	ANAHEIM	48	30	12	6	66	24	14	10	.688	2.79	2.40	1.28	21.5	81.5	28.1	27.9	.750	.500	.800	.895	.615	.667	47.5
4	MONTREAL	48	29	14	5	63	26	13	13	.656	3.04	2.58	1.25	20.7	79.8	30.6	26.9	.724	.421	.789	.810	.606	.600	49.8
5	BOSTON	48	28	14	6	62	24	13	11	.646	2.65	2.21	1.28	14.8	87.1	32.4	28.6	.731	.409	.765	.652	.576	.538	56.4
6	ST LOUIS	48	29	17	2	60	24	13	11	.625	2.58	2.38	1.04	19.5	84.7	27.8	24.2	.793	.316	.789	.905	.586	.611	50.7
7	LOS ANGELES	48	27	16	5	59	25	17	8	.615	2.73	2.38	1.09	19.9	83.2	29.8	25.0	.808	.273	.938	.864	.576	.533	52.0
8	VANCOUVER	48	26	15	7	59	21	11	10	.615	2.54	2.40	1.02	15.8	84.0	28.1	28.9	.645	.353	.714	.783	.500	.556	47.6
9	WASHINGTON	48	27	18	3	57	24	14	10	.594	3.04	2.71	1.07	26.8	77.9	28.1	32.3	.654	.455	.800	.864	.786	.471	50.8
10	TORONTO	48	26	17	5	57	26	13	13	.594	3.02	2.67	1.05	18.7	87.9	26.3	32.3	.594	.438	.727	.870	.417	.583	50.0
11	SAN JOSE	48	25	16	7	57	17	12	5	.594	2.42	2.33	1.00	20.1	85.0	31.8	29.0	.800	.217	.824	.833	.571	.438	53.4
12	NY RANGERS	48	26	18	4	56	22	13	9	.583	2.62	2.25	1.30	15.7	81.1	30.9	28.2	.857	.296	.929	1.000	.556	.524	50.0
13	OTTAWA	48	25	17	6	56	21	12	9	.583	2.33	2.08	1.03	15.9	88.0	33.1	31.3	.720	.304	.667	.905	.500	.500	49.2
14	DETROIT	48	24	16	8	56	22	13	9	.583	2.54	2.29	1.10	18.4	81.7	30.1	27.5	.640	.348	.643	.857	.438	.667	50.8
15	MINNESOTA	48	26	19	3	55	22	12	10	.573	2.46	2.60	0.88	17.9	80.7	28.8	27.1	.783	.320	.750	.900	.577	.471	52.4
16	COLUMBUS	48	24	17	7	55	19	12	7	.573	2.40	2.40	1.04	14.2	82.6	26.7	29.9	.600	.429	.727	1.000	.538	.484	52.0
17	NY ISLANDERS	48	24	17	7	55	20	9	11	.573	2.81	2.83	0.98	19.9	80.3	30.9	28.2	.739	.280	.813	.842	.556	.400	49.7
18	WINNIPEG	48	24	21	3	51	22	12	10	.531	2.62	2.94	0.90	13.8	79.7	28.9	29.7	.696	.320	.833	.900	.600	.423	48.9
19	PHOENIX	48	21	18	9	51	17	12	5	.531	2.52	2.60	1.06	14.8	79.9	30.9	30.6	.737	.241	.813	.938	.478	.391	52.0
20	PHILADELPHIA	48	23	22	3	49	22	14	8	.510	2.75	2.90	0.86	21.6	85.9	29.0	28.6	.692	.227	.765	.850	.520	.450	48.5
21	DALLAS	48	22	22	4	48	20	10	10	.500	2.67	2.94	1.01	17.0	81.0	26.3	31.0	.696	.240	.737	.706	.500	.441	47.2
22	BUFFALO	48	21	21	6	48	14	6	8	.500	2.46	2.90	0.90	14.1	79.2	27.9	33.5	.667	.208	.600	.692	.333	.500	46.2
23	NEW JERSEY	48	19	19	10	48	17	11	6	.500	2.29	2.54	0.86	15.9	81.1	28.4	23.1	.737	.172	.727	.750	.457	.250	48.2
24	EDMONTON	48	19	22	7	45	17	8	9	.469	2.56	2.73	0.90	20.1	83.4	26.8	32.8	.500	.292	.688	.750	.727	.314	46.1
25	CAROLINA	48	19	25	4	42	18	8	10	.438	2.65	3.31	0.86	14.6	77.6	32.2	32.2	.579	.276	.692	.933	.435	.375	50.2
26	CALGARY	48	19	25	4	42	19	13	6	.438	2.67	3.27	0.68	20.0	81.5	26.9	29.4	.600	.174	.688	.800	.294	.483	46.6
27	NASHVILLE	48	16	23	9	41	14	11	3	.427	2.27	2.77	0.91	17.1	75.5	25.9	27.8	.611	.167	.636	.800	.368	.269	49.7
28	TAMPA BAY	48	18	26	4	40	17	11	6	.417	3.06	3.06	1.08	19.0	80.6	27.6	30.2	.684	.172	.813	.786	.389	.370	51.2
29	COLORADO	48	16	25	7	39	14	12	2	.406	2.38	3.12	0.83	15.0	80.3	29.5	31.4	.563	.219	.700	.643	.304	.333	51.1
30	FLORIDA	48	15	27	6	36	12	7	5	.375	2.27	3.54	0.57	20.4	74.2	29.2	31.3	.647	.129	.636	.857	.286	.308	49.4